{
  "nbformat": 4,
  "nbformat_minor": 0,
  "metadata": {
    "colab": {
      "provenance": [],
      "authorship_tag": "ABX9TyOjV0h03w+ysNczz4/rKO9R",
      "include_colab_link": true
    },
    "kernelspec": {
      "name": "python3",
      "display_name": "Python 3"
    },
    "language_info": {
      "name": "python"
    }
  },
  "cells": [
    {
      "cell_type": "markdown",
      "metadata": {
        "id": "view-in-github",
        "colab_type": "text"
      },
      "source": [
        "<a href=\"https://colab.research.google.com/github/geneiryodan228/phyton/blob/main/P1/P2\" target=\"_parent\"><img src=\"https://colab.research.google.com/assets/colab-badge.svg\" alt=\"Open In Colab\"/></a>"
      ]
    },
    {
      "cell_type": "markdown",
      "source": [
        "Практическа работа по теме \"Решение задач линейной алгебры и прикладной математики в Python\". Работа с библиотекой SCIPY\". Выполнил: Деулин.И и Иванюшин.М :3"
      ],
      "metadata": {
        "id": "g7hntcCyJdo9"
      }
    },
    {
      "cell_type": "code",
      "execution_count": null,
      "metadata": {
        "colab": {
          "base_uri": "https://localhost:8080/"
        },
        "id": "rNFQGrKO-aMa",
        "outputId": "b1ac187e-39d0-4376-f02f-33271d5d6577"
      },
      "outputs": [
        {
          "output_type": "stream",
          "name": "stdout",
          "text": [
            "[[ -6 -90 -16]\n",
            " [ 42   4 125]\n",
            " [  0   0  -8]]\n"
          ]
        }
      ],
      "source": [
        "import numpy as np; from scipy import linalg\n",
        "\n",
        "a: int = 7\n",
        "b: int  = 3\n",
        "y: int  = 1\n",
        "O: int  = 2\n",
        "u: int  = 0\n",
        "v: int  = 5\n",
        "A = np.array([\n",
        "    [2, 3+a, 4,],\n",
        "    [b, y, v,],\n",
        "    [5, 10*u, -2,]\n",
        "])\n",
        "B1 = np.array([\n",
        "    [b, -3, 4+u,],\n",
        "    [a, 4, v,],\n",
        "    [5*u, 10, -2,]\n",
        "])\n",
        "C = np.array([\n",
        "    [-1, 3, 4-v,],\n",
        "    [2, 1, v,],\n",
        "    [5, 5-u, -2]\n",
        "])\n",
        "D = A*B1*C\n",
        "print(D)"
      ]
    },
    {
      "cell_type": "code",
      "source": [
        "a: int = 7\n",
        "b: int  = 3\n",
        "y: int  = 1\n",
        "O: int  = 2\n",
        "u: int  = 0\n",
        "v: int  = 5\n",
        "\n",
        "G = np.array([\n",
        "    [2, 3+a, 4+u, 6,],\n",
        "    [b+1, y, v, 12,],\n",
        "    [5, -2, 16, u+1,],\n",
        "    [2, 7, 11, -6,],\n",
        "             ])\n",
        "print(G)\n",
        "\n",
        "\n"
      ],
      "metadata": {
        "colab": {
          "base_uri": "https://localhost:8080/"
        },
        "id": "ZRqrgbi7_tcX",
        "outputId": "03415708-77f8-4088-de2d-9eb7ac113c24"
      },
      "execution_count": null,
      "outputs": [
        {
          "output_type": "stream",
          "name": "stdout",
          "text": [
            "[[ 2 10  4  6]\n",
            " [ 4  1  5 12]\n",
            " [ 5 -2 16  1]\n",
            " [ 2  7 11 -6]]\n"
          ]
        }
      ]
    },
    {
      "cell_type": "code",
      "source": [
        "O = linalg.det(G)\n",
        "print(O)\n"
      ],
      "metadata": {
        "colab": {
          "base_uri": "https://localhost:8080/"
        },
        "id": "QO17leE-GerM",
        "outputId": "b60cf06f-b062-4f56-df3d-19658ab62bea"
      },
      "execution_count": null,
      "outputs": [
        {
          "output_type": "stream",
          "name": "stdout",
          "text": [
            "703.9999999999999\n"
          ]
        }
      ]
    },
    {
      "cell_type": "code",
      "source": [
        "vec = linalg.eig(G)\n",
        "print(vec)\n"
      ],
      "metadata": {
        "colab": {
          "base_uri": "https://localhost:8080/"
        },
        "id": "ce5o8HLQHSoL",
        "outputId": "f3c8d5bd-b88a-471b-e96e-01fbb91e16f4"
      },
      "execution_count": null,
      "outputs": [
        {
          "output_type": "stream",
          "name": "stdout",
          "text": [
            "(array([ 19.91795019+0.j, -13.07510175+0.j,  -0.41153288+0.j,\n",
            "         6.56868444+0.j]), array([[-0.53994009, -0.15691576,  0.94073508, -0.81489777],\n",
            "       [-0.51171975,  0.64355049,  0.00258725, -0.45902024],\n",
            "       [-0.53130532,  0.0968026 , -0.2741266 ,  0.34364371],\n",
            "       [-0.40536682, -0.74286572, -0.19966328, -0.08456386]]))\n"
          ]
        }
      ]
    },
    {
      "cell_type": "code",
      "source": [
        "from scipy.linalg import *\n",
        "inf = inv(G)\n",
        "\n",
        "inf\n",
        "\n"
      ],
      "metadata": {
        "colab": {
          "base_uri": "https://localhost:8080/"
        },
        "id": "44TVnG6KHrcg",
        "outputId": "5ab302f2-949f-451e-d956-d917cac9e443"
      },
      "execution_count": null,
      "outputs": [
        {
          "output_type": "execute_result",
          "data": {
            "text/plain": [
              "array([[-2.47159091,  2.69034091, -1.99431818,  2.57670455],\n",
              "       [-0.01136364,  0.07386364, -0.10227273,  0.11931818],\n",
              "       [ 0.73863636, -0.80113636,  0.64772727, -0.75568182],\n",
              "       [ 0.51704545, -0.48579545,  0.40340909, -0.55397727]])"
            ]
          },
          "metadata": {},
          "execution_count": 28
        }
      ]
    }
  ]
}